2 epochs
Accuracy: 0.875 (17804/20349 classified correctly)
Confusion matrix:
    AR   BG   CH   CR   CZ   FR   GE   JA   KO   PL   PO   RU   SP   SW   TA   TH   TU   WU   VN  
AR  677  0    5    16   3    0    2    0    0    13   13   33   37   20   1    0    4    0    0   
BG  0    1053 0    8    5    0    0    3    0    95   43   23   1    0    1    0    0    0    0   
CH  9    0    953  0    0    1    0    8    39   1    29   5    4    0    0    6    1    6    0   
CR  0    0    0    766  4    1    0    0    0    41   2    109  53   34   0    0    18   0    0   
CZ  1    5    1    10   1101 1    1    4    2    176  0    16   4    1    2    21   0    0    1   
FR  0    3    0    1    0    1019 0    0    0    15   3    26   0    10   0    0    6    4    0   
GE  19   0    13   0    55   0    953  6    1    4    22   26   1    1    5    0    66   0    0   
JA  0    3    14   0    15   0    0    368  63   0    12   2    4    1    0    3    5    0    0   
KO  1    0    8    2    2    0    0    24   1078 1    1    2    30   15   0    1    3    3    0   
PL  1    3    1    0    1    0    8    0    2    1422 0    57   0    4    11   1    1    0    1   
PO  6    0    2    10   1    0    6    1    0    2    759  43   51   36   0    2    4    1    0   
RU  3    2    1    97   3    4    0    4    1    6    9    1519 28   3    0    0    9    11   0   
SP  27   10   1    24   1    1    1    3    13   1    31   62   860  72   0    1    9    1    0   
SW  0    3    0    68   0    3    0    0    1    4    5    36   32   1191 0    0    4    0    0   
TA  4    0    0    0    0    0    0    0    0    0    0    0    0    0    408  2    0    0    0   
TH  10   0    2    0    0    0    0    0    1    0    0    0    0    0    0    1309 0    0    0   
TU  0    1    0    74   8    0    0    0    8    12   30   17   10   4    2    0    924  0    0   
WU  0    0    16   1    0    1    0    7    4    0    9    5    10   4    0    0    0    290  0   
VN  0    2    1    0    0    0    0    0    1    0    0    0    0    0    0    1    1    1    1154
C_primary value: 0.162

3 epochs
Accuracy: 0.895 (18217/20349 classified correctly)
Confusion matrix:
    AR   BG   CH   CR   CZ   FR   GE   JA   KO   PL   PO   RU   SP   SW   TA   TH   TU   WU   VN  
AR  680  0    2    8    2    0    4    2    0    23   8    29   49   11   2    0    4    0    0   
BG  3    1098 1    8    2    0    0    3    0    74   24   17   1    0    0    0    1    0    0   
CH  8    0    982  0    0    0    0    4    36   2    13   6    3    0    1    2    1    4    0   
CR  1    0    0    822  1    0    0    0    1    36   0    79   49   27   0    0    12   0    0   
CZ  0    4    1    7    1121 2    2    0    2    160  1    16   5    3    2    20   0    0    1   
FR  0    0    0    0    0    1050 0    0    0    10   1    12   0    7    1    0    4    2    0   
GE  15   0    18   1    34   0    1023 5    0    3    9    18   1    2    1    0    42   0    0   
JA  1    1    18   0    20   0    0    359  72   0    9    3    2    0    0    0    5    0    0   
KO  0    0    4    8    1    0    0    30   1075 0    2    1    34   12   0    0    3    1    0   
PL  0    2    0    1    1    0    7    0    1    1469 0    12   1    3    11   1    1    0    3   
PO  2    0    0    4    1    1    3    1    0    0    793  50   36   29   0    1    2    1    0   
RU  4    0    1    79   5    2    0    4    0    6    9    1552 18   8    0    1    3    8    0   
SP  17   7    2    6    0    4    0    1    6    1    22   75   882  88   0    1    4    1    1   
SW  1    0    0    69   1    3    0    0    0    1    4    43   45   1173 0    1    6    0    0   
TA  1    0    0    0    0    0    0    0    0    0    0    1    0    0    410  2    0    0    0   
TH  16   0    1    0    0    0    0    0    1    0    0    0    0    0    0    1304 0    0    0   
TU  0    3    0    57   2    0    0    0    4    9    20   18   1    4    2    0    970  0    0   
WU  0    0    10   0    0    1    0    7    2    0    12   3    6    4    0    0    2    300  0   
VN  0    1    1    0    0    0    0    0    1    0    0    0    0    0    0    3    0    1    1154
C_primary value: 0.138

4 epochs
Accuracy: 0.909 (18498/20349 classified correctly)
Confusion matrix:
    AR   BG   CH   CR   CZ   FR   GE   JA   KO   PL   PO   RU   SP   SW   TA   TH   TU   WU   VN  
AR  746  0    2    7    2    0    2    1    0    7    5    21   23   5    1    0    2    0    0   
BG  2    1155 0    10   0    0    0    3    0    31   13   17   0    0    0    0    1    0    0   
CH  3    0    1004 0    0    0    0    5    24   1    13   2    3    0    0    1    2    4    0   
CR  1    0    0    806  1    1    0    0    1    44   2    93   40   33   0    0    6    0    0   
CZ  2    6    0    7    1140 1    1    3    0    164  1    7    5    0    2    7    0    0    1   
FR  0    0    0    0    0    1055 0    0    0    11   3    7    0    5    0    0    2    4    0   
GE  12   0    9    3    35   1    1040 3    0    3    8    10   2    1    0    0    45   0    0   
JA  2    1    11   0    23   0    0    370  66   0    5    2    4    0    0    1    5    0    0   
KO  0    0    4    1    1    0    0    24   1080 1    1    1    36   12   0    0    4    6    0   
PL  0    3    0    0    2    0    3    0    0    1451 0    30   0    2    17   0    0    0    5   
PO  0    1    0    7    1    0    3    1    0    2    812  37   33   26   0    0    1    0    0   
RU  1    1    1    86   0    0    0    1    0    10   10   1548 19   4    0    1    5    13   0   
SP  21   0    2    7    0    4    1    1    6    0    19   57   928  67   0    0    2    2    1   
SW  1    1    0    37   1    1    0    0    0    4    7    47   35   1209 0    0    4    0    0   
TA  1    0    0    0    0    0    0    0    0    0    0    1    0    0    412  0    0    0    0   
TH  11   0    0    0    0    0    0    0    0    0    0    0    1    0    0    1310 0    0    0   
TU  0    3    0    51   1    0    0    0    2    3    25   20   4    4    2    0    975  0    0   
WU  1    0    8    0    0    1    0    4    0    0    10   4    8    4    0    0    1    306  0   
VN  0    1    2    0    0    0    1    0    1    0    0    0    1    0    0    2    1    1    1151
C_primary value: 0.119

5 epochs
Accuracy: 0.920 (18725/20349 classified correctly)
Confusion matrix:
    AR   BG   CH   CR   CZ   FR   GE   JA   KO   PL   PO   RU   SP   SW   TA   TH   TU   WU   VN  
AR  738  0    4    5    3    0    4    2    0    7    3    21   32   4    1    0    0    0    0   
BG  2    1132 0    12   2    0    0    1    0    50   16   16   0    0    0    0    0    1    0   
CH  1    0    1008 0    0    0    0    2    21   1    20   2    0    1    1    2    0    3    0   
CR  2    0    0    849  6    0    0    0    0    33   2    65   34   22   0    0    15   0    0   
CZ  1    3    0    2    1175 2    2    0    0    130  0    15   3    0    2    10   0    1    1   
FR  0    0    0    0    0    1057 0    1    0    13   1    7    0    3    0    0    2    3    0   
GE  16   0    12   0    42   0    1031 9    2    5    5    16   0    2    1    0    31   0    0   
JA  2    2    11   0    2    0    0    397  52   0    8    4    5    0    0    0    6    1    0   
KO  0    0    4    0    1    0    0    22   1106 0    0    1    25   9    0    0    2    1    0   
PL  0    2    0    0    2    0    3    0    0    1476 1    16   0    0    7    1    1    0    4   
PO  0    1    0    6    3    0    5    1    0    2    820  20   27   38   0    0    1    0    0   
RU  3    1    2    77   1    0    0    3    0    10   8    1558 19   1    0    1    6    10   0   
SP  23   4    0    18   0    1    1    1    3    1    20   42   945  52   0    0    5    1    1   
SW  4    1    0    49   1    1    0    0    1    2    4    32   27   1223 0    0    2    0    0   
TA  0    0    0    0    0    0    0    0    0    0    0    1    0    0    412  1    0    0    0   
TH  6    0    0    0    0    0    0    0    0    0    0    0    0    0    0    1316 0    0    0   
TU  1    0    0    35   1    0    0    0    0    3    19   18   2    3    0    0    1007 0    1   
WU  0    0    6    0    0    1    0    4    2    0    5    1    5    4    0    0    0    319  0   
VN  0    1    2    0    0    0    0    0    0    0    0    0    0    0    0    2    0    0    1156
C_primary value: 0.103

6 epochs
Accuracy: 0.930 (18933/20349 classified correctly)
Confusion matrix:
    AR   BG   CH   CR   CZ   FR   GE   JA   KO   PL   PO   RU   SP   SW   TA   TH   TU   WU   VN  
AR  774  0    2    1    2    0    2    0    0    4    1    17   14   4    1    0    2    0    0   
BG  1    1178 0    6    1    0    0    0    0    25   10   11   0    0    0    0    0    0    0   
CH  1    0    1028 1    0    0    0    1    13   2    9    3    1    1    0    0    2    0    0   
CR  1    0    0    856  3    0    0    0    0    41   2    72   25   18   0    0    10   0    0   
CZ  0    0    0    1    1181 1    1    3    0    141  1    6    4    2    1    4    0    0    1   
FR  0    0    0    0    0    1065 0    0    0    5    3    4    0    5    0    0    2    3    0   
GE  16   0    11   1    17   0    1079 4    1    4    4    12   1    2    0    0    20   0    0   
JA  2    0    22   0    3    0    0    427  20   0    6    1    4    2    0    0    2    1    0   
KO  0    0    3    0    1    0    0    20   1082 0    0    1    41   15   0    2    1    5    0   
PL  1    1    0    1    0    0    1    0    0    1480 0    13   0    0    12   1    0    0    3   
PO  2    1    1    5    1    1    4    0    0    3    819  22   23   39   0    0    1    2    0   
RU  1    0    3    79   2    1    0    2    0    12   14   1552 21   0    0    1    4    8    0   
SP  20   0    2    15   0    1    0    3    7    0    9    37   969  48   0    0    6    0    1   
SW  0    0    0    33   1    0    0    0    1    4    5    13   21   1261 0    0    8    0    0   
TA  0    0    0    0    0    0    0    0    0    0    0    1    0    0    413  0    0    0    0   
TH  6    0    1    0    0    0    0    0    1    0    0    0    0    0    0    1314 0    0    0   
TU  0    3    0    62   2    0    0    0    6    9    15   8    5    5    1    0    973  1    0   
WU  0    0    6    0    0    1    0    5    0    0    2    0    4    2    0    0    3    324  0   
VN  0    0    2    0    0    0    0    0    0    0    0    0    0    0    0    1    0    0    1158
C_primary value: 0.088

7 epochs
Accuracy: 0.938 (19088/20349 classified correctly)
Confusion matrix:
    AR   BG   CH   CR   CZ   FR   GE   JA   KO   PL   PO   RU   SP   SW   TA   TH   TU   WU   VN  
AR  778  0    2    2    3    0    2    1    0    4    5    13   9    4    1    0    0    0    0   
BG  1    1196 0    6    1    0    0    1    0    16   1    10   0    0    0    0    0    0    0   
CH  0    0    1033 0    0    0    0    0    13   2    11   1    1    0    1    0    0    0    0   
CR  0    0    0    893  3    0    0    0    1    37   1    40   30   18   0    0    5    0    0   
CZ  0    4    0    1    1159 0    0    3    0    160  0    9    3    3    2    2    0    0    1   
FR  0    0    0    0    0    1063 0    1    0    9    2    3    0    4    0    0    2    3    0   
GE  6    0    8    3    20   0    1079 0    0    5    3    20   2    3    0    0    23   0    0   
JA  3    0    20   0    2    0    0    420  24   0    5    1    5    1    0    1    8    0    0   
KO  0    0    1    0    0    0    0    11   1133 0    1    1    11   8    0    1    0    4    0   
PL  0    2    0    0    1    0    3    0    0    1477 1    21   0    0    6    0    0    0    2   
PO  0    0    0    3    1    1    4    0    0    1    836  16   25   33   1    0    2    1    0   
RU  3    0    1    60   4    0    0    4    2    8    8    1585 10   2    0    0    3    10   0   
SP  15   0    0    11   0    1    1    1    7    0    24   25   971  58   0    1    2    0    1   
SW  2    0    0    37   1    0    0    0    0    1    5    23   25   1250 0    0    3    0    0   
TA  0    0    0    0    0    0    0    0    0    0    0    0    0    0    414  0    0    0    0   
TH  3    0    0    0    0    0    0    0    1    0    0    0    0    0    0    1318 0    0    0   
TU  0    1    0    46   1    0    0    0    1    6    15   15   4    5    2    0    994  0    0   
WU  0    0    4    0    0    1    0    1    1    0    0    1    6    1    0    0    1    331  0   
VN  0    0    2    0    0    0    0    0    0    0    0    0    0    0    0    1    0    0    1158
C_primary value: 0.078

8 epochs
Accuracy: 0.943 (19179/20349 classified correctly)
Confusion matrix:
    AR   BG   CH   CR   CZ   FR   GE   JA   KO   PL   PO   RU   SP   SW   TA   TH   TU   WU   VN  
AR  775  0    1    1    2    0    1    3    0    2    4    15   16   2    1    0    1    0    0   
BG  2    1205 0    4    1    0    0    0    0    9    2    7    1    0    0    0    0    1    0   
CH  1    0    1023 0    0    0    0    1    16   1    11   5    2    0    0    1    0    1    0   
CR  0    0    0    908  2    0    0    0    0    37   0    38   32   8    0    0    3    0    0   
CZ  0    2    0    0    1211 0    0    1    0    120  0    2    4    1    2    3    0    0    1   
FR  0    0    0    1    0    1071 1    0    0    2    0    6    0    1    0    0    2    3    0   
GE  19   0    9    9    31   0    1041 2    0    1    18   11   1    7    2    0    21   0    0   
JA  1    0    6    0    3    0    0    407  50   0    15   1    1    2    0    0    4    0    0   
KO  0    0    3    0    0    0    0    18   1121 1    0    0    16   5    0    3    1    3    0   
PL  0    1    0    0    0    0    5    0    0    1484 2    17   0    0    2    0    0    0    2   
PO  0    0    0    6    1    0    3    1    0    2    845  20   20   24   0    0    2    0    0   
RU  2    0    3    64   4    1    0    3    0    6    7    1588 14   0    0    0    4    4    0   
SP  19   0    0    7    0    1    1    1    8    1    24   35   986  29   0    1    4    0    1   
SW  2    0    0    22   1    0    0    0    0    1    4    14   19   1283 0    0    1    0    0   
TA  0    0    0    0    0    0    0    0    0    0    0    0    0    0    414  0    0    0    0   
TH  0    0    0    0    0    0    0    0    0    0    0    0    0    0    0    1322 0    0    0   
TU  1    0    0    48   1    0    0    0    0    4    3    9    6    1    1    0    1015 0    1   
WU  0    0    11   0    0    0    0    2    0    0    1    1    4    4    0    0    0    324  0   
VN  0    2    2    0    0    0    0    0    0    0    0    0    1    0    0    0    0    0    1156
C_primary value: 0.076

9 epochs
Accuracy: 0.944 (19201/20349 classified correctly)
Confusion matrix:
    AR   BG   CH   CR   CZ   FR   GE   JA   KO   PL   PO   RU   SP   SW   TA   TH   TU   WU   VN  
AR  785  0    1    1    1    0    0    0    0    3    5    13   8    5    1    0    1    0    0   
BG  1    1182 0    2    0    0    0    1    0    29   2    15   0    0    0    0    0    0    0   
CH  1    0    1040 0    0    0    0    0    7    1    4    2    1    0    1    1    0    4    0   
CR  0    0    0    913  1    0    0    0    0    33   0    48   14   11   0    0    8    0    0   
CZ  0    2    0    0    1218 1    1    3    0    111  0    3    3    1    1    3    0    0    0   
FR  0    0    0    0    0    1077 0    0    0    4    2    1    0    1    0    0    1    1    0   
GE  19   0    9    0    13   0    1095 1    0    1    4    12   1    4    3    0    10   0    0   
JA  6    0    7    0    2    0    0    421  30   0    4    3    11   2    0    0    4    0    0   
KO  0    0    2    0    0    0    0    31   1091 0    0    0    21   21   0    1    2    2    0   
PL  0    1    0    0    1    0    3    0    0    1477 2    18   0    0    5    0    0    0    6   
PO  2    0    1    4    1    1    4    0    0    1    837  13   27   31   0    0    2    0    0   
RU  1    1    2    79   1    2    0    0    1    13   10   1567 10   5    0    0    5    3    0   
SP  12   0    0    9    0    2    1    0    5    2    16   25   994  49   0    0    1    1    1   
SW  3    0    0    9    1    1    0    0    0    1    1    4    24   1301 0    0    2    0    0   
TA  0    0    0    0    0    0    0    0    0    0    0    1    0    0    413  0    0    0    0   
TH  1    0    0    0    0    0    0    0    0    0    0    0    0    0    0    1321 0    0    0   
TU  0    0    0    54   1    0    0    0    0    14   12   14   4    5    0    0    985  0    1   
WU  3    0    9    0    0    0    0    1    0    0    1    1    2    3    0    0    1    326  0   
VN  0    0    2    0    0    0    0    0    0    0    0    0    0    0    0    1    0    0    1158
C_primary value: 0.073

10 epochs
Accuracy: 0.948 (19299/20349 classified correctly)
Confusion matrix:
    AR   BG   CH   CR   CZ   FR   GE   JA   KO   PL   PO   RU   SP   SW   TA   TH   TU   WU   VN  
AR  785  0    1    2    0    0    1    1    0    1    3    15   12   1    2    0    0    0    0   
BG  1    1186 0    4    0    0    0    2    0    23   3    13   0    0    0    0    0    0    0   
CH  0    0    1036 0    0    0    0    1    7    1    12   1    1    0    0    2    0    1    0   
CR  1    0    0    917  7    0    0    0    0    47   0    31   13   9    0    0    3    0    0   
CZ  0    2    0    0    1268 1    0    0    0    65   1    0    4    0    0    4    0    1    1   
FR  0    0    0    0    0    1078 0    0    0    3    1    2    0    0    0    0    1    2    0   
GE  27   0    8    0    22   0    1061 1    0    0    7    18   0    4    4    0    20   0    0   
JA  1    0    4    0    3    0    0    421  46   0    7    2    2    0    0    1    2    1    0   
KO  0    0    1    0    0    0    0    26   1122 0    0    2    10   9    0    0    0    1    0   
PL  0    1    0    0    1    0    8    0    1    1452 3    38   0    0    4    1    0    0    4   
PO  1    0    0    5    1    0    4    0    0    2    841  29   16   25   0    0    0    0    0   
RU  5    0    1    46   1    1    1    2    0    11   3    1603 11   3    0    0    8    4    0   
SP  17   0    0    7    0    0    1    1    4    1    22   28   1002 29   1    1    2    1    1   
SW  1    0    0    9    2    0    0    0    0    2    3    8    12   1308 0    0    2    0    0   
TA  0    0    0    0    0    0    0    0    0    0    0    0    0    0    414  0    0    0    0   
TH  1    0    0    0    0    0    0    0    0    0    1    0    0    0    0    1320 0    0    0   
TU  0    1    0    36   3    0    0    0    2    15   19   9    2    8    1    0    993  0    1   
WU  0    0    6    0    0    0    0    3    0    0    0    1    1    4    0    0    0    332  0   
VN  0    0    0    0    1    0    0    0    0    0    0    0    0    0    0    0    0    0    1160
C_primary value: 0.067
